1 11.9867
2 9.60131
3 7.1984
4 6.79286
5 6.20578
6 5.76049
7 4.03337
8 4.85186
9 4.23061
10 3.87331
11 4.09026
12 3.46857
13 3.76169
14 3.45834
15 3.34404
16 3.30447
17 3.4097
18 3.30677
19 3.00926
20 3.24493
21 3.30171
22 2.95824
23 2.91177
24 2.51225
25 2.52457
26 2.57169
27 2.18757
28 2.34009
29 2.44195
30 2.78257
31 2.41388
32 2.21856
33 2.5385
34 2.31181
35 2.21679
36 2.12561
37 2.17773
38 1.91749
39 1.90511
40 2.03476
41 2.27978
42 2.07526
43 2.14259
44 2.04156
45 1.69962
46 1.82511
47 1.9029
48 1.84112
49 1.85519
50 1.66526
51 1.69928
52 1.78099
53 1.52782
54 1.80403
55 1.89651
56 1.8036
57 1.60635
58 1.87652
59 1.68406
60 1.48703
61 1.68689
62 1.63979
63 1.58008
64 1.52755
65 1.67602
66 1.59861
67 1.44316
68 1.73334
69 1.65179
70 1.60305
71 1.47316
72 1.54766
73 1.38024
74 1.45972
75 1.60737
76 1.50175
77 1.54611
78 1.50471
79 1.46098
80 1.37298
81 1.55059
82 1.31214
83 1.34316
84 1.46809
85 1.48975
86 1.64634
87 1.3662
88 1.49805
89 1.39316
90 1.49192
91 1.16377
92 1.4362
93 1.22898
94 1.34561
95 1.26553
96 1.28674
97 1.2043
98 1.32312
99 1.35091
100 1.2382
101 1.31626
102 1.50774
103 1.27431
104 1.05942
105 1.27082
106 1.40462
107 1.24767
108 1.3393
109 1.08397
110 1.35911
111 1.37058
112 1.1802
113 1.25548
114 1.12126
115 1.13039
116 1.10642
117 1.33298
118 1.11484
119 1.16075
120 1.16809
121 1.09767
122 1.17462
123 1.17111
124 1.22876
125 1.3967
126 1.24985
127 1.09678
128 1.27911
129 1.22769
130 1.08544
131 1.09821
132 0.98626
133 1.13013
134 1.20381
135 1.07498
136 1.08576
137 1.0185
138 1.25281
139 1.17727
140 1.16108
141 1.05427
142 1.18481
143 1.02421
144 0.925299
145 0.995345
146 1.06033
147 0.953612
148 1.03851
149 0.876915
150 0.942017
151 0.972404
152 1.22617
153 0.973391
154 0.89326
155 0.928399
156 1.21258
157 1.10121
158 1.12044
159 0.973745
160 1.03908
161 1.08926
162 0.881073
163 1.058
164 1.07226
165 1.08924
166 0.962885
167 1.0739
168 1.02658
169 1.03242
170 0.947646
171 1.07282
172 0.867419
173 0.846793
174 0.990169
175 1.11934
176 0.959615
177 0.855665
178 0.957721
179 1.09235
180 1.00273
181 1.07856
182 0.943824
183 0.965308
184 0.97805
185 1.06342
186 0.94834
187 0.852635
188 0.942927
189 0.912596
190 1.02902
191 0.871804
192 0.936267
193 0.90461
194 0.966977
195 0.989959
196 0.991157
197 1.00714
198 1.02556
199 0.957203
200 0.950373
201 0.982128
202 0.969343
203 1.04174
204 0.918586
205 0.858839
206 0.9522
207 1.09606
208 0.923284
209 0.868741
210 0.8973
211 0.926358
212 0.948867
213 0.958165
214 0.922935
215 0.881756
216 0.924333
217 0.92691
218 0.921319
219 0.761203
220 0.891458
221 0.979645
222 0.847849
223 0.891636
224 0.924347
225 0.872719
226 0.916593
227 0.910981
228 0.929827
229 0.922389
230 0.947171
231 0.925721
232 0.916761
233 0.762964
234 0.908103
235 0.90471
236 0.823021
237 0.853859
238 0.880462
239 0.824922
240 0.854772
241 0.837476
242 0.769975
243 0.831785
244 0.905718
245 0.850952
246 0.892766
247 0.798496
248 0.833787
249 0.81993
250 0.865008
251 0.8518
252 0.899759
253 0.823687
254 0.895776
255 0.781941
256 0.842808
257 0.813877
258 0.867418
259 0.754908
260 0.897923
261 0.925862
262 0.813098
263 0.841095
264 0.774588
265 0.772311
266 0.878678
267 0.826636
268 0.883784
269 0.826773
270 0.823376
271 0.864872
272 0.776949
273 0.848929
274 0.789711
275 0.828579
276 0.86671
277 0.757143
278 0.754223
279 0.777972
280 0.737609
281 0.840887
282 0.719895
283 0.669682
284 0.743727
285 0.730006
286 0.692806
287 0.733951
288 0.774107
289 0.719519
290 0.807436
291 0.80749
292 0.735073
293 0.711955
294 0.802074
295 0.782313
296 0.741077
297 0.874485
298 0.698359
299 0.746709
300 0.751317
301 0.758003
302 0.744849
303 0.762871
304 0.695516
305 0.653165
306 0.783585
307 0.745773
308 0.782989
309 0.638438
310 0.71341
311 0.720606
312 0.727799
313 0.713569
314 0.653208
315 0.869362
316 0.695567
317 0.84242
318 0.716594
319 0.66873
320 0.766039
321 0.740087
322 0.742294
323 0.648839
324 0.741213
325 0.773509
326 0.698294
327 0.718113
328 0.683189
329 0.682011
330 0.702157
331 0.664817
332 0.864526
333 0.70366
334 0.659028
335 0.667701
336 0.730857
337 0.823635
338 0.638595
339 0.66896
340 0.715977
341 0.623388
342 0.841619
343 0.683173
344 0.653302
345 0.689792
346 0.591043
347 0.777163
348 0.761873
349 0.734193
350 0.697031
351 0.68435
352 0.732865
353 0.695062
354 0.720149
355 0.635929
356 0.662194
357 0.719282
358 0.684166
359 0.720813
360 0.746585
361 0.803129
362 0.668372
363 0.750213
364 0.726872
365 0.69475
366 0.65239
367 0.660153
368 0.689153
369 0.686684
370 0.743536
371 0.709898
372 0.697425
373 0.726216
374 0.724901
375 0.656397
376 0.585489
377 0.760826
378 0.640455
379 0.680142
380 0.70563
381 0.647676
382 0.584855
383 0.686915
384 0.6386
385 0.674949
386 0.685092
387 0.750886
388 0.69163
389 0.67289
390 0.719833
391 0.605659
392 0.659385
393 0.672946
394 0.601755
395 0.676891
396 0.608593
397 0.730426
398 0.691091
399 0.62399
400 0.549271
401 0.692161
402 0.701286
403 0.581665
404 0.565771
405 0.605592
406 0.628032
407 0.665733
408 0.621331
409 0.59371
410 0.574758
411 0.650426
412 0.590013
413 0.615253
414 0.657323
415 0.706381
416 0.622108
417 0.592541
418 0.646832
419 0.54397
420 0.670476
421 0.663853
422 0.647875
423 0.691522
424 0.560773
425 0.637792
426 0.625979
427 0.614765
428 0.652756
429 0.736097
430 0.580398
431 0.62268
432 0.608094
433 0.741039
434 0.580067
435 0.661745
436 0.598377
437 0.551155
438 0.587966
439 0.5733
440 0.644688
441 0.625025
442 0.638765
443 0.535099
444 0.563954
445 0.637786
446 0.557668
447 0.571583
448 0.592286
449 0.597866
450 0.604058
451 0.703332
452 0.651548
453 0.622175
454 0.592806
455 0.542609
456 0.581321
457 0.61008
458 0.625191
459 0.619662
460 0.58946
461 0.629932
462 0.537733
463 0.602886
464 0.51959
465 0.606674
466 0.567458
467 0.616805
468 0.537496
469 0.583851
470 0.628463
471 0.552021
472 0.508777
473 0.5484
474 0.604531
475 0.594099
476 0.513512
477 0.58212
478 0.602412
479 0.602937
480 0.652624
481 0.579929
482 0.529268
483 0.553957
484 0.635849
485 0.602298
486 0.557756
487 0.582172
488 0.646659
489 0.562877
490 0.565917
491 0.540609
492 0.587234
493 0.548019
494 0.650758
495 0.56657
496 0.586684
497 0.604921
498 0.55504
499 0.519926
500 0.580854
501 0.525375
502 0.61243
503 0.573466
504 0.525204
505 0.591763
506 0.535478
507 0.520443
508 0.61582
509 0.589558
510 0.626357
511 0.540152
512 0.508657
513 0.554571
514 0.547408
515 0.591935
516 0.608298
517 0.657231
518 0.586814
519 0.588287
520 0.52772
521 0.587666
522 0.589433
523 0.560617
524 0.53495
525 0.575946
526 0.641671
527 0.528523
528 0.552767
529 0.47356
530 0.5046
531 0.469304
532 0.595257
533 0.556105
534 0.59735
535 0.512153
536 0.51284
537 0.641715
538 0.54445
539 0.560954
540 0.509207
541 0.611406
542 0.506311
543 0.525673
544 0.549712
545 0.550919
546 0.571481
547 0.519291
548 0.593497
549 0.568609
550 0.582079
551 0.434721
552 0.569708
553 0.586681
554 0.495467
555 0.603851
556 0.539493
557 0.592016
558 0.538895
559 0.638861
560 0.536014
561 0.559799
562 0.549312
563 0.53994
564 0.638118
565 0.551893
566 0.501626
567 0.584957
568 0.543768
569 0.578775
570 0.56407
571 0.580586
572 0.563957
573 0.576158
574 0.450543
575 0.576072
576 0.563237
577 0.610315
578 0.651923
579 0.495852
580 0.552056
581 0.597378
582 0.505339
583 0.532496
584 0.526276
585 0.558441
586 0.578246
587 0.484348
588 0.56436
589 0.531926
590 0.593675
591 0.522014
592 0.485526
593 0.538205
594 0.513076
595 0.520942
596 0.472519
597 0.56181
598 0.533467
599 0.586614
600 0.457716
601 0.497658
602 0.566309
603 0.543472
604 0.454164
605 0.45668
606 0.535761
607 0.562087
608 0.484229
609 0.471879
610 0.508859
611 0.512161
612 0.559447
613 0.516656
614 0.537964
615 0.532125
616 0.525603
617 0.449032
618 0.606547
619 0.492359
620 0.526286
621 0.494471
622 0.496392
623 0.583569
624 0.47344
625 0.488308
626 0.561674
627 0.521659
628 0.521647
629 0.46425
630 0.555841
631 0.473946
632 0.501279
633 0.515441
634 0.496283
635 0.522851
636 0.647947
637 0.531322
638 0.529883
639 0.471559
640 0.604159
641 0.535505
642 0.51787
643 0.470885
644 0.511497
645 0.576498
646 0.502748
647 0.517791
648 0.520089
649 0.441833
650 0.490534
651 0.533468
652 0.52754
653 0.467087
654 0.533614
655 0.533538
656 0.503994
657 0.516567
658 0.551613
659 0.498161
660 0.523156
661 0.573758
662 0.463301
663 0.537545
664 0.506394
665 0.499636
666 0.419458
667 0.452544
668 0.496752
669 0.547524
670 0.525633
671 0.583583
672 0.552104
673 0.503174
674 0.489905
675 0.486202
676 0.528585
677 0.512575
678 0.475896
679 0.455809
680 0.536017
681 0.544669
682 0.4611
683 0.553299
684 0.481588
685 0.565569
686 0.48255
687 0.420068
688 0.532085
689 0.482972
690 0.509035
691 0.494382
692 0.461232
693 0.537085
694 0.523981
695 0.502991
696 0.49841
697 0.503386
698 0.603109
699 0.53009
700 0.420559
701 0.533666
702 0.482624
703 0.491747
704 0.515781
705 0.500613
706 0.481339
707 0.49508
708 0.487067
709 0.505022
710 0.511078
711 0.479004
712 0.419854
713 0.555972
714 0.448531
715 0.504502
716 0.469914
717 0.515661
718 0.430232
719 0.471494
720 0.486888
721 0.460075
722 0.522806
723 0.422041
724 0.474567
725 0.511503
726 0.519134
727 0.55438
728 0.487587
729 0.468544
730 0.53308
731 0.489505
732 0.484589
733 0.483194
734 0.504498
735 0.465852
736 0.531664
737 0.480987
738 0.452093
739 0.444768
740 0.497997
741 0.550146
742 0.54526
743 0.452629
744 0.499104
745 0.467402
746 0.449227
747 0.52956
748 0.497572
749 0.475785
750 0.519609
751 0.45819
752 0.442913
753 0.434387
754 0.509006
755 0.50111
756 0.49303
757 0.501068
758 0.46442
759 0.472405
760 0.515077
761 0.48549
762 0.482424
763 0.526265
764 0.446644
765 0.437694
766 0.496565
767 0.551518
768 0.486976
769 0.431316
770 0.460655
771 0.425228
772 0.502182
773 0.413747
774 0.404881
775 0.46003
776 0.424102
777 0.425762
778 0.447986
779 0.541814
780 0.449228
781 0.444506
782 0.462313
783 0.487652
784 0.50206
785 0.450363
786 0.513902
787 0.460849
788 0.46192
789 0.5059
790 0.461843
791 0.449646
792 0.534064
793 0.437835
794 0.448049
795 0.476939
796 0.492521
797 0.391255
798 0.547088
799 0.444359
800 0.474767
801 0.567604
802 0.470137
803 0.489221
804 0.504151
805 0.486926
806 0.5058
807 0.381783
808 0.486874
809 0.492839
810 0.435202
811 0.420511
812 0.460056
813 0.470396
814 0.458217
815 0.444225
816 0.438353
817 0.513574
818 0.443987
819 0.43915
820 0.511112
821 0.478214
822 0.483907
823 0.454431
824 0.482643
825 0.440822
826 0.449879
827 0.411855
828 0.493895
829 0.455683
830 0.432046
831 0.416935
832 0.464212
833 0.381121
834 0.484803
835 0.387005
836 0.479829
837 0.451841
838 0.477889
839 0.472563
840 0.427581
841 0.448414
842 0.435758
843 0.453638
844 0.472346
845 0.458657
846 0.423155
847 0.418422
848 0.463855
849 0.411028
850 0.385747
851 0.468021
852 0.452004
853 0.470363
854 0.482454
855 0.450211
856 0.465542
857 0.386265
858 0.454215
859 0.453818
860 0.442983
861 0.427787
862 0.417235
863 0.380677
864 0.456326
865 0.39574
866 0.42455
867 0.437072
868 0.469396
869 0.399911
870 0.426789
871 0.409952
872 0.476662
873 0.400991
874 0.441582
875 0.446956
876 0.492591
877 0.470341
878 0.427519
879 0.401766
880 0.465533
881 0.370436
882 0.458303
883 0.388513
884 0.466106
885 0.456756
886 0.404566
887 0.39669
888 0.476371
889 0.440587
890 0.432175
891 0.412332
892 0.461077
893 0.437861
894 0.439847
895 0.438162
896 0.410363
897 0.408494
898 0.467503
899 0.464492
900 0.410197
901 0.445534
902 0.452534
903 0.454992
904 0.462698
905 0.439201
906 0.418916
907 0.490006
908 0.52217
909 0.453632
910 0.475108
911 0.423966
912 0.436432
913 0.418868
914 0.401921
915 0.452635
916 0.448652
917 0.413162
918 0.425362
919 0.482041
920 0.442945
921 0.42012
922 0.386063
923 0.409778
924 0.458444
925 0.430037
926 0.440136
927 0.454821
928 0.413972
929 0.437598
930 0.505742
931 0.413062
932 0.511715
933 0.457361
934 0.4482
935 0.330391
936 0.409703
937 0.398585
938 0.441098
939 0.444451
940 0.387475
941 0.459935
942 0.412124
943 0.48165
944 0.505674
945 0.517331
946 0.448979
947 0.456598
948 0.444519
949 0.454667
950 0.476688
951 0.422907
952 0.498405
953 0.457429
954 0.433235
955 0.398036
956 0.457338
957 0.371572
958 0.404304
959 0.42346
960 0.45419
961 0.415364
962 0.397781
963 0.42445
964 0.431756
965 0.440615
966 0.491727
967 0.447441
968 0.445647
969 0.406059
970 0.425357
971 0.433009
972 0.431617
973 0.471498
974 0.406552
975 0.409661
976 0.412919
977 0.429579
978 0.423421
979 0.410482
980 0.383786
981 0.375171
982 0.463939
983 0.458321
984 0.412544
985 0.373432
986 0.434842
987 0.380109
988 0.403184
989 0.436081
990 0.432162
991 0.411191
992 0.437101
993 0.463204
994 0.452347
995 0.359366
996 0.419417
997 0.400065
998 0.432858
999 0.387603
1000 0.440013
